# Created by Octave 8.4.0, Thu Apr 02 22:29:41 2026 WIB <jlinggar@itx>
# name: model
# type: scalar struct
# ndims: 2
 1 1
# length: 16
# name: OCV0
# type: matrix
# rows: 1
# columns: 201
 2.6190000000000007 2.7698623551664303 2.8485580967955104 2.9045870654992902 2.9521161935910207 2.9906451622948 3.0201742903865307 3.0487032590903103 3.0732323871820406 3.0955113558858205 3.1132904308482336 3.1338194526813301 3.1483484745144268 3.1628775494768404 3.1764065181806198 3.1909356462723504 3.2042146149761304 3.2119937430678607 3.2245227117716406 3.2320518398633706 3.2315808085671507 3.2381098835295634 3.2386389053626607 3.2381679271957573 3.2376970021581708 3.2372259708619504 3.2367550989536809 3.2362840676574609 3.2390631957491909 3.2413421644529703 3.2408712925447007 3.2406502612484807 3.2409293362108937 3.2404583580439903 3.2399873798770873 3.2405164548395007 3.2450454235432806 3.2455745516350105 3.2451035203387906 3.2516326484305207 3.2521616171343002 3.2516907452260306 3.2562197139298101 3.2577487888922239 3.2572778107253204 3.2621401658917506 3.2633359075208306 3.2628648762246106 3.2653940043163403 3.2696729730201204 3.2694521011118507 3.2689810698156307 3.2745101979073605 3.27503916661114 3.2745682415735535 3.2770972634066502 3.2796262852397473 3.2801553602021603 3.2796843289059403 3.2792134569976708 3.2847424257014506 3.2845215537931809 3.284800522496961 3.284329650588691 3.2848586192924705 3.2903876942548842 3.2909167160879806 3.2904457379210776 3.2899748128834907 3.2945037815872706 3.2950329096790005 3.2955618783827809 3.2950910064745109 3.294619975178291 3.294149103270021 3.2936780719738006 3.2962071469362137 3.2987361687693104 3.2982651906024074 3.2987942655648204 3.2983232342686004 3.2978523623603304 3.2973813310641105 3.2969104591558405 3.2964394278596201 3.2959685559513505 3.2954975246551301 3.2950265996175436 3.2945556214506402 3.2940846432837372 3.2936137182461502 3.2931426869499303 3.2926718150416603 3.2922007837454403 3.2919799118371706 3.2922588805409503 3.2927880086326806 3.2933169773364601 3.2938460522988739 3.2943750741319708 3.294903877829614 3.2944050667549174 3.2939060375447675 3.2934070083346176 3.2939079791244672 3.2944089107493149 3.2959098423741628 3.2964108523290152 3.2979117839538623 3.2974127155787101 3.2969136863685606 3.2964146571584103 3.29591562794826 3.2954165987381119 3.2959175695279606 3.2954185403178102 3.2949194719426584 3.2944204035675062 3.2939214135223582 3.293422345147206 3.2929232767720538 3.2924242475619043 3.291925218351754 3.2914261891416037 3.2909271599314538 3.2904281307213039 3.2899291015111536 3.2894300331360018 3.2889309647608496 3.2884319747157016 3.2889329063405492 3.2894338379653969 3.2899348087552469 3.2894357795450966 3.289936750334947 3.290437721124797 3.2909386919146471 3.2904396627044967 3.2899405943293445 3.2894415259541927 3.2889425359090447 3.2884434675338921 3.2879443991587403 3.2879453699485905 3.2879463407384399 3.2874473115282901 3.2869482823181402 3.2864492531079899 3.28595022389784 3.2854511555226877 3.2849520871475355 3.284453097102388 3.2839540287272353 3.2834549603520831 3.2829559311419332 3.2824569019317833 3.281957872721633 3.2814588435114835 3.2809598143013332 3.2804607850911829 3.2799617167160311 3.2814626483408791 3.2829636582957309 3.2844645899205789 3.2839654627979238 3.2834663748402702 3.2839673456301202 3.2834683164199703 3.28296928720982 3.2824702579996705 3.2856378562911845 3.28847219957937 3.2879731312042177 3.2884740628290658 3.2879749944539136 3.2874760044087656 3.2889769360336136 3.2924779068234633 3.2929788776133138 3.2924798484031634 3.2919808191930136 3.2914817508178613 3.2929827607727131 3.295483692397561 3.2959846240224091 3.2954855556472569 3.2953198989354422 3.295487497226957 3.2949884680168071 3.2944894388066568 3.2939904095965065 3.293491380386357 3.2929923120112048 3.2924933219660568 3.2919942535909046 3.2914951852157524 3.2979961168406002 3.309163793462119 3.3339980584202999 3.3839990292101501 3.5529999999999999


# name: OCVrel
# type: matrix
# rows: 1
# columns: 201
 0 0 0 0 0 0 0 0 0 0 0 0 0 0 0 0 0 0 0 0 0 0 0 0 0 0 0 0 0 0 0 0 0 0 0 0 0 0 0 0 0 0 0 0 0 0 0 0 0 0 0 0 0 0 0 0 0 0 0 0 0 0 0 0 0 0 0 0 0 0 0 0 0 0 0 0 0 0 0 0 0 0 0 0 0 0 0 0 0 0 0 0 0 0 0 0 0 0 0 0 0 0 0 0 0 0 0 0 0 0 0 0 0 0 0 0 0 0 0 0 0 0 0 0 0 0 0 0 0 0 0 0 0 0 0 0 0 0 0 0 0 0 0 0 0 0 0 0 0 0 0 0 0 0 0 0 0 0 0 0 0 0 0 0 0 0 0 0 0 0 0 0 0 0 0 0 0 0 0 0 0 0 0 0 0 0 0 0 0 0 0 0 0 0 0 0 0 0 0 0 0


# name: SOC
# type: double_range
# base, limit, increment
0 1 0.0050000000000000001


# name: OCV
# type: double_range
# base, limit, increment
2.4900000000000002 3.6599999999999997 0.01


# name: SOCrel
# type: matrix
# rows: 1
# columns: 118
 0 0 0 0 0 0 0 0 0 0 0 0 0 0 0 0 0 0 0 0 0 0 0 0 0 0 0 0 0 0 0 0 0 0 0 0 0 0 0 0 0 0 0 0 0 0 0 0 0 0 0 0 0 0 0 0 0 0 0 0 0 0 0 0 0 0 0 0 0 0 0 0 0 0 0 0 0 0 0 0 0 0 0 0 0 0 0 0 0 0 0 0 0 0 0 0 0 0 0 0 0 0 0 0 0 0 0 0 0 0 0 0 0 0 0 0 0 0


# name: SOC0
# type: matrix
# rows: 1
# columns: 118
 -0.0056194924858134539 -0.0051838729132697861 -0.0047482533407260984 -0.0043126337681824306 -0.0038770141956387437 -0.0034413946230950759 -0.0030057750505513891 -0.0025701554780077213 -0.002134535905464034 -0.0016989163329203662 -0.0012632967603766791 -0.00082767718783301138 -0.00039205761528932423 4.356195725434356e-05 0.00047918152979803066 0.0009148011023416984 0.0013504206748853856 0.0017860402474290534 0.0022216598199727403 0.0026572793925164081 0.0030928989650600954 0.0035285185376037632 0.0039641381101474501 0.0043997576826911178 0.0048353772552348047 0.0052709968277784725 0.0057066164003221403 0.0061422359728658281 0.0065778555454095149 0.0070134751179531827 0.0074490946904968505 0.0078847142630405383 0.0083203338355842052 0.0087559534081278929 0.0091915729806715599 0.0096271925532152476 0.010139236162995242 0.011104877702328144 0.012070519241661004 0.013036160780993906 0.014001802320326766 0.01496744385965967 0.01593308539899253 0.016898726938325431 0.017864368477658293 0.018830010016991194 0.019795651556324054 0.021158393604903129 0.022627726494132482 0.024097059383361902 0.025566392272591259 0.027035725161820616 0.028505058051050036 0.029974390940279455 0.031851877509164829 0.033736603988997034 0.035621330468829329 0.037506056948661617 0.039390783428493822 0.041689451655291643 0.04418582918269439 0.046682206710097027 0.049178584237499781 0.051913845853936387 0.054766258297487352 0.057618670741038186 0.060588610348327125 0.064152650706582298 0.067716691064837645 0.071292242991602542 0.074888317931047763 0.078484392870492817 0.082848807095083687 0.087772951440412514 0.097760290609565065 0.16971444864690097 0.19693739375227129 0.22449347273007805 0.25108321155229008 0.79961643746530497 0.33973259336639611 0.4277308103137149 0.59311354562620444 0.75849628093868682 0.92387901625116897 0.99027405882963448 0.99073067578598961 0.99118729274234485 0.99164390969869998 0.99210052665505521 0.99255714361141034 0.99301376056776558 0.99347037752412082 0.99392699448047594 0.99438361143683118 0.99484022839318631 0.99529684534954155 0.99575346230589667 0.99621007926225191 0.99666669621860715 0.99712331317496228 0.99757993013131752 0.99803654708767264 0.99849316404402788 0.99894978100038312 0.99940639795673825 0.99986301491309348 1.0003196318694487 1.0007762488258038 1.001232865782159 1.0016894827385143 1.0021460996948695 1.0026027166512246 1.0030593336075797 1.0035159505639351 1.0039725675202902 1.0044291844766453 1.0048858014330004


# name: temp
# type: scalar
25


# name: etaParam
# type: scalar
1


# name: QParam
# type: scalar
18.450690696840923


# name: GParam
# type: scalar
1.0363950286027392


# name: M0Param
# type: scalar
0.11419103677198866


# name: MParam
# type: scalar
0.54244629980810966


# name: R0Param
# type: scalar
0.0043781451405425359


# name: RCParam
# type: scalar
1.348649594149562


# name: RParam
# type: scalar
0.003498469066713833


# name: temps
# type: scalar
25




